X Y Channel No Frequency(Hz) Range
17.68 34.03 144 95400 4.3013841932215975
92.02 65.0 80 89000 9.243128812205452
95.93 34.56 263 107300 7.232955685379263
29.96 10.02 185 99500 2.2556921582441136
20.46 26.19 180 99000 9.7357860382659
93.07 92.21 65 87500 9.81510706901198
11.61 79.28 161 97100 1.3126211721717285
33.85 72.62 148 95800 0.03865703974070045
77.5 71.95 111 92100 1.717116400604718
40.7 85.45 72 88200 3.1031556719818596
73.33 22.79 249 105900 3.8927151519960432
92.91 6.44 268 107800 1.5335084707372448
1.32 81.19 215 102500 2.2723909401051525
9.38 66.02 246 105600 3.1423343923753078
62.09 6.81 25 83500 9.580667035452283
80.35 12.74 299 110900 3.466518253943227
69.93 93.49 146 95600 1.4005670082921962
74.81 20.83 93 90300 7.688397659675436
74.32 70.89 155 96500 0.7259604870147485
97.5 27.34 135 94500 4.571130576423305
87.7 47.1 224 103400 8.74263071356341
29.02 78.95 190 100000 5.873802321797843
5.94 39.84 207 101700 2.5540836789120522
19.92 66.05 22 83200 4.442399949475687
21.61 80.1 213 102300 2.531660385800735
25.66 22.98 174 98400 7.00454702617218
72.95 62.28 177 98700 8.620161683754135
63.01 76.91 56 86600 4.341738789194604
41.4 58.08 88 89800 6.123468488775767
40.28 35.36 271 108100 1.5919008892605135
9.49 7.14 167 97700 2.2393139166085154
64.37 12.14 71 88100 5.972791377177167
17.16 47.34 271 108100 7.57442993961374
55.22 5.41 5 81500 3.1447153519623283
9.62 49.6 121 93100 4.8730437485095415
5.05 57.63 155 96500 8.087136400050554
52.86 77.8 254 106400 5.711633005969534
4.1 47.03 266 107600 1.9921558907821624
3.5 3.25 272 108200 5.5857383534714735
17.1 82.91 280 109000 4.928909958572167
59.37 64.7 200 101000 6.931491928771919
35.51 2.91 175 98500 0.46333226803409344
84.25 79.98 157 96700 6.632615148459249
49.55 99.52 269 107900 4.9903376932138475
95.39 83.41 30 84000 0.5664845040212374
80.62 35.2 117 92700 2.1194432354140913
26.47 84.32 61 87100 9.000225599691088
90.26 40.51 291 110100 3.325549717918287
29.9 16.23 179 98900 7.075692652812123
34.73 28.43 245 105500 6.415693888753072
62.26 73.87 290 110000 8.292882532364034
65.71 99.2 179 98900 5.757943119493328
4.68 15.55 253 106300 2.5433333887983887
87.22 54.8 52 86200 4.164386439298592
5.95 42.4 5 81500 5.743153180507647
66.15 89.92 145 95500 8.716752227760022
0.22 52.38 21 83100 5.01049167328969
59.91 77.27 267 107700 8.477222207008857
43.52 7.37 208 101800 1.3218175611050897
68.26 18.64 294 110400 4.151369256734685
33.8 44.4 97 90700 3.018776670827663
38.39 91.01 282 109200 0.4839954789614176
27.58 8.33 264 107400 5.932461346290228
52.68 76.44 252 106200 4.997359297300223
43.04 82.75 48 85800 4.410640638128535
6.29 28.41 56 86600 9.056500315441959
44.17 48.08 195 100500 7.498137997068108
38.67 93.69 34 84400 3.005991985733114
33.53 1.64 183 99300 3.9096136228053533
17.08 78.08 112 92200 9.010611811771934
42.13 33.01 75 88500 1.3822997898701261
83.03 17.79 279 108900 7.399513673699413
94.11 59.88 248 105800 1.2947256599464307
63.27 93.32 115 92500 2.816143139410623
41.31 94.43 127 93700 9.033462258402036
15.73 2.43 228 103800 9.777268350780723
8.12 28.58 211 102100 8.086901548672456
27.77 90.36 238 104800 6.713221726548601
60.41 97.34 107 91700 0.002833871858776149
9.41 21.14 267 107700 7.9731675071551225
14.4 4.06 52 86200 9.58112916681529
27.07 61.81 85 89500 3.3155683219932586
30.62 68.57 12 82200 1.556405771142152
5.04 43.23 38 84800 9.152899333018894
96.37 90.17 202 101200 0.7867176596243919
81.18 55.65 270 108000 9.275200522563544
86.04 0.56 95 90500 6.987768200247659
40.99 34.76 201 101100 0.33966254019146325
2.7 19.15 69 87900 9.378979847156097
69.95 95.27 290 110000 8.389729405377642
46.82 12.78 286 109600 8.435174972464715
57.81 72.61 268 107800 2.7700919277168365
28.24 5.12 32 84200 6.119185788109354
60.59 40.79 219 102900 7.652549009371624
36.16 77.15 77 88700 2.5161551335954013
75.96 84.51 249 105900 5.007443783667894
8.54 49.44 62 87200 3.3656495129547648
16.17 17.19 283 109300 6.177871702101667
97.06 39.33 170 98000 7.415227670591865
68.74 52.83 266 107600 8.576990278732936
6.66 41.97 254 106400 5.277333264633027
19.84 59.55 291 110100 4.676686837374522
99.96 92.28 152 96200 8.195045234535694
77.73 45.12 38 84800 9.038970416419938
95.58 27.47 182 99200 9.102359020993429
74.51 50.86 106 91600 6.216378290409043
57.17 83.96 246 105600 3.0485570302243383
42.99 59.27 86 89600 4.877331206542095
64.92 31.2 156 96600 5.547339892173336
62.9 52.73 206 101600 7.365862884946517
85.19 65.67 84 89400 6.969546572358986
45.26 96.14 124 93400 6.3578838083956715
5.36 62.92 44 85400 7.639459452358243
77.45 54.42 255 106500 2.5097612372724862
80.87 12.75 33 84300 0.8911661753871469
82.4 97.59 192 100200 6.597391722417294
49.31 43.39 63 87300 1.721738457064289
55.18 90.58 144 95400 3.1092472865383347
2.49 74.12 236 104600 3.726854297244123
27.53 12.77 231 104100 7.485497968822683
71.41 22.52 6 81600 1.262946741110491
77.0 3.1 154 96400 7.99386853808584
71.74 32.62 60 87000 1.9452914981296343
40.75 80.62 170 98000 3.814287664944671
77.23 83.33 52 86200 4.017135342169301
16.4 47.44 199 100900 0.38776570011473277
37.62 82.4 182 99200 6.320810008818098
32.2 41.37 167 97700 9.995674479937673
33.83 50.89 17 82700 5.7337748347949695
47.2 68.81 20 83000 2.30536299416477
68.24 55.3 26 83600 8.322942037494109
98.22 15.04 187 99700 5.084689188815206
20.64 50.21 98 90800 9.09800732844181
45.14 98.67 296 110600 7.195740323836394
61.63 52.75 38 84800 9.243558823625229
78.34 9.75 140 95000 3.477141480866348
4.15 82.51 270 108000 4.8715290794453505
43.18 46.89 265 107500 7.271539568249754
91.47 64.78 292 110200 3.607311899607355
4.97 47.8 106 91600 0.6130111244852066
64.96 13.74 80 89000 3.308141884094853
25.02 89.87 228 103800 2.827397738801184
28.85 82.88 227 103700 4.670861503515504
43.35 22.3 258 106800 5.292323605063167
30.69 94.63 244 105400 7.834023049115316
66.95 80.25 181 99100 7.0345404938890415
5.96 38.32 101 91100 3.888634051884725
43.85 22.38 1 81100 2.7981465463519073
93.3 56.41 284 109400 9.711280976285135
62.5 28.3 49 85900 1.192308758307562
12.84 22.48 8 81800 8.10762709084187
53.97 89.76 99 90900 5.9217426594160045
14.24 51.24 231 104100 1.9443798420429348
89.79 30.66 69 87900 2.2240344553779035
43.2 70.99 134 94400 7.951032685718503
62.28 94.67 20 83000 4.197800003414434
46.1 31.66 125 93500 3.042530563632649
6.36 46.62 60 87000 6.323820285949423
30.17 18.2 196 100600 8.360228255353555
71.52 43.87 137 94700 5.183050807524676
24.13 88.0 234 104400 6.417161436006089
81.23 47.4 264 107400 0.09241814555636663
38.23 53.67 238 104800 7.586940916018334
23.25 58.8 294 110400 5.449487334456149
6.2 88.1 269 107900 9.17210020032395
98.82 88.89 134 94400 3.2445438414645
2.13 37.27 177 98700 4.062160402832653
21.18 86.7 31 84100 3.113762080228688
64.77 88.25 41 85100 4.835108987621581
94.8 83.09 180 99000 5.026605549566257
28.96 54.62 255 106500 1.5156428746205708
25.47 32.56 40 85000 8.18726366261924
59.25 9.74 235 104500 8.182935282649117
8.25 68.81 265 107500 9.852961427197862
4.3 19.45 169 97900 1.4796083149830164
15.45 24.83 192 100200 1.806740623131874
42.46 99.97 171 98100 6.728055358465744
60.27 6.86 24 83400 6.350467508700715
68.5 54.51 203 101300 8.882505997358823
42.64 52.74 298 110800 0.4932392643443584
79.51 22.29 22 83200 2.6638003337502916
93.54 50.25 277 108700 7.995212574538782
54.07 7.69 99 90900 0.8234832332637831
21.79 38.21 189 99900 6.987512770797984
82.71 43.84 121 93100 1.105573274309809
32.67 64.72 98 90800 2.831981622534766
0.3 85.03 180 99000 0.815462189283559
31.86 30.1 271 108100 4.922949750423618
91.09 15.36 175 98500 5.319381594378845
50.18 0.02 149 95900 4.386124509791202
85.96 7.18 214 102400 0.7944911014385847
24.36 33.84 21 83100 0.6224593457081351
47.85 62.23 73 88300 7.294921070900137
47.81 37.27 140 95000 5.80915705512686
46.25 20.98 147 95700 1.015304785410116
61.27 14.21 57 86700 1.643640775680344
54.53 30.81 46 85600 2.4989681350029147
87.88 62.94 41 85100 4.543547565202523
64.92 22.92 22 83200 3.587795997119837
29.87 34.21 53 86300 8.346958177380605
5.1 59.26 295 110500 0.9358493580707361
34.59 44.62 183 99300 5.348797805252879
57.61 75.85 24 83400 8.85635932093073
6.66 17.98 24 83400 1.724530064239399
28.79 66.98 133 94300 2.7452734240689103
89.89 9.17 132 94200 5.400058892198063
87.44 25.89 264 107400 5.083841627747514
67.66 50.47 155 96500 8.002532718203266
94.98 81.82 210 102000 5.483829438031091
33.82 48.56 277 108700 6.352162822480595
78.85 50.96 20 83000 0.9740943577176797
67.4 52.02 82 89200 8.118110170651187
58.66 49.09 91 90100 1.9649629007521807
3.94 3.75 253 106300 4.756097869144588
20.65 97.66 214 102400 7.4518905254392855
33.82 90.43 212 102200 8.072072355536562
50.18 91.72 231 104100 2.073268821273496
73.75 2.07 40 85000 4.021589732795751
74.42 88.13 37 84700 9.816232690733134
51.36 18.72 101 91100 4.371552603164721
37.49 15.5 86 89600 9.322445687204368
14.81 48.47 75 88500 8.238592907928993
29.17 3.52 132 94200 3.8928477649591144
29.53 51.24 80 89000 7.302187970735336
14.73 78.69 109 91900 3.0922729623093668
52.26 96.02 38 84800 0.6021424182328938
68.34 75.77 133 94300 0.1339256793999355
79.11 16.11 78 88800 3.6072778469999713
95.37 70.07 141 95100 0.45849800028939347
48.62 46.02 54 86400 6.929145361355547
40.03 44.18 36 84600 7.747927870665716
43.5 46.93 130 94000 9.301761415607485
13.65 64.56 263 107300 7.320517888126475
75.59 53.2 258 106800 7.8123464575073145
46.74 58.62 231 104100 6.889554678333383
57.13 1.5 230 104000 2.811753180513593
62.7 50.57 54 86400 7.1352764723214035
58.6 36.3 157 96700 1.3258304591651704
95.29 35.89 194 100400 0.6997292779964037
28.56 20.64 170 98000 8.405756852800291
22.92 48.31 273 108300 6.981795598291405
3.85 19.53 162 97200 1.8780718525373463
73.26 0.88 36 84600 0.557718661703761
70.24 64.84 229 103900 9.971579767370189
59.1 63.0 8 81800 4.90928648210504
42.69 55.13 248 105800 9.802680155116288
42.7 69.22 288 109800 7.292278666132177
22.39 91.66 189 99900 5.593349575894337
89.86 42.29 126 93600 9.562795941013695
53.04 2.65 189 99900 0.5836299535798306
67.35 52.97 7 81700 8.295976262460625
43.16 61.9 148 95800 4.095932482235143
57.77 32.01 270 108000 2.9338655684364836
42.63 65.12 109 91900 2.2309080364481693
14.19 96.18 171 98100 5.496608260800904
62.38 87.21 189 99900 5.749442267352631
53.93 49.29 126 93600 9.74968438540436
3.81 7.67 119 92900 4.254143933362173
95.47 71.68 132 94200 1.9618984149621488
21.19 57.22 228 103800 0.664415070688259
75.21 17.3 94 90400 2.4927484429759774
74.76 8.87 136 94600 1.9259409546488893
42.22 96.01 31 84100 5.5484259651728465
44.68 9.0 220 103000 0.05862498065714039
17.93 30.74 210 102000 9.334040958867199
66.79 20.25 205 101500 5.0832548800564235
25.15 43.96 272 108200 6.452997363548949
20.06 26.73 58 86800 7.539392983287155
36.33 46.08 214 102400 3.3662712159586663
42.49 34.39 113 92300 1.5843170073081247
64.11 69.41 86 89600 1.7844446215550436
77.31 84.53 219 102900 9.820645899053858
19.47 15.92 190 100000 5.439723420640059
54.61 86.91 176 98600 1.7202302355535926
91.98 64.15 103 91300 4.346095899703704
94.88 70.26 247 105700 8.881864770846121
64.95 11.44 250 106000 9.631781277148646
80.3 42.84 134 94400 1.3745168396569563
64.15 11.25 154 96400 4.703930187332985
77.46 53.24 8 81800 0.4764513179070129
53.02 2.11 198 100800 9.922213011384525
10.53 42.66 235 104500 8.53053061391335
29.45 14.72 60 87000 5.3126955122844235
78.25 83.76 3 81300 7.109939223736753
49.7 86.88 135 94500 8.999812457159848
79.51 8.48 271 108100 9.845785883918124
3.69 11.92 269 107900 2.9820319241164315
62.94 37.28 109 91900 7.133860934508087
92.2 95.84 117 92700 5.29201113975339
43.74 35.78 123 93300 1.4439046321737603
11.72 0.6 200 101000 1.2869096231526733
37.56 41.23 135 94500 5.438973554340656
35.34 6.73 253 106300 2.2875913900079823
45.61 20.91 156 96600 0.8190126424237276
89.09 37.04 272 108200 7.661457736299109
87.75 47.2 100 91000 5.381938903996972
62.5 45.1 171 98100 5.013643930224121
21.23 0.03 244 105400 4.8040669688323225
59.27 86.94 298 110800 0.8625214122484559
1.33 36.55 89 89900 6.042441966128874
89.39 62.67 53 86300 2.131432541348799
37.25 99.59 291 110100 1.9237263695709073
27.54 35.82 269 107900 3.249056491390392
71.79 72.27 248 105800 3.683123839514515
14.45 12.6 68 87800 8.531840385424427
66.43 23.98 47 85700 6.1340296547120055
57.41 90.43 264 107400 8.895730988822763
4.76 34.92 76 88600 1.3725937082944617
94.2 66.21 151 96100 2.539590281958496
36.87 30.58 284 109400 2.9452744156951027
20.79 27.87 226 103600 2.943870681846159
74.73 5.68 180 99000 6.132179928877327
47.1 40.0 297 110700 3.8764469731968054
14.36 67.69 191 100100 8.23114173701774
37.71 74.12 225 103500 9.790153573547855
4.43 84.22 66 87600 8.679962732349663
14.47 27.23 65 87500 3.387125098382504
2.99 75.63 126 93600 4.646242215402388
46.79 18.5 296 110600 7.723219547123373
63.97 54.45 36 84600 6.871031675341851
31.94 53.23 98 90800 3.1976388036927625
73.47 76.6 162 97200 0.5059060546983696
72.34 95.78 12 82200 5.440630542489872
12.09 35.97 159 96900 0.27079289249151706
90.02 98.49 37 84700 6.454351202721371
54.11 3.41 261 107100 1.2261802812598133
79.18 92.61 254 106400 1.5133795174584486
26.81 84.07 41 85100 9.94854585035886
87.17 58.76 298 110800 9.08299117531904
44.16 42.75 7 81700 3.9786311716459135
31.23 59.76 107 91700 1.3124170093205745
97.64 26.23 249 105900 4.5414416257112045
4.08 36.21 7 81700 2.110423304032248
34.27 93.16 256 106600 2.083698726693651
94.7 37.04 61 87100 7.171420235448842
76.73 47.99 157 96700 0.9143205581821867
52.42 80.91 273 108300 2.00797456055298
43.88 63.23 26 83600 6.847983704074316
52.2 22.33 285 109500 6.6323081692818375
11.2 66.11 296 110600 5.328822253654858
76.91 26.6 220 103000 8.243630026832111
10.24 60.43 2 81200 1.0449919653609496
18.47 41.46 146 95600 0.5047595151650053
3.79 51.82 186 99600 8.935547607936073
13.81 90.15 66 87600 1.771435394839036
88.91 45.84 9 81900 0.04550199433595026
73.95 0.61 165 97500 7.1682648775300795
74.35 92.17 165 97500 9.615948959798247
34.81 28.48 20 83000 5.539951068628955
50.37 55.28 170 98000 3.722857612617166
57.17 27.76 276 108600 2.055003168970173
19.18 2.3 74 88400 0.7260065283829853
29.41 72.49 272 108200 8.267622684845543
82.73 12.16 87 89700 4.690135100919307
81.9 34.96 166 97600 1.5741053792399928
90.57 26.49 157 96700 6.131648532750757
4.57 81.82 108 91800 5.711446699554217
35.04 82.55 280 109000 6.170269628642064
70.15 57.95 97 90700 8.872626877793232
43.95 91.03 293 110300 0.07625724056018024
5.1 89.78 73 88300 9.446327642171116
61.14 47.71 237 104700 5.856867237322339
17.01 54.88 213 102300 4.775820907379935
24.66 96.57 76 88600 9.883497043292422
83.21 32.44 128 93800 1.7760358764587514
48.81 94.56 235 104500 0.4925715914918094
28.35 70.63 128 93800 1.0090671526192296
91.82 63.03 184 99400 9.274089052974608
70.83 81.14 137 94700 6.812694198111439
43.87 49.51 3 81300 9.57349274713194
97.39 98.5 288 109800 4.376080202893224
1.47 64.94 256 106600 0.1630487497090849
33.22 22.54 286 109600 1.990231202016628
4.14 5.96 6 81600 5.5823482769943045
11.16 95.89 125 93500 9.95278087262275
96.21 19.95 21 83100 1.2042933670534406
7.26 55.28 231 104100 1.318265444907415
42.94 20.88 13 82300 2.4596033126259584
2.86 35.48 234 104400 8.55348626113312
73.7 18.61 221 103100 2.0624163676049
53.14 97.43 8 81800 1.5363869266932517
46.85 80.93 225 103500 3.641043296400822
91.18 98.78 280 109000 8.735837094947442
31.28 8.16 146 95600 3.416817534022428
72.77 23.94 284 109400 4.994828552951241
77.66 63.42 124 93400 5.921847790362456
72.44 43.48 63 87300 6.4331440262922435
8.81 68.23 275 108500 4.041266347972785
73.53 78.12 9 81900 8.566030533802042
93.09 42.57 148 95800 5.651378361007794
56.85 1.32 29 83900 5.937605017399504
77.26 41.52 25 83500 7.952368070473229
80.89 26.31 185 99500 6.182618962540436
46.18 16.37 24 83400 9.31953091592677
64.59 88.19 292 110200 4.405107329563197
45.11 7.01 17 82700 6.583292993567814
28.32 50.03 248 105800 3.7008319448378355
48.04 54.61 200 101000 1.4646458734695178
22.97 32.95 282 109200 8.31209694618098
79.84 8.98 158 96800 3.2145195562048046
78.12 94.45 145 95500 8.704447964278271
3.77 93.18 41 85100 9.014610749760458
30.51 56.78 142 95200 4.367261036056341
66.99 79.43 114 92400 9.481230661521579
51.59 17.69 111 92100 4.592779171677693
56.27 25.37 154 96400 2.6669270622543717
79.12 59.56 116 92600 9.26553350269199
53.69 16.92 79 88900 6.677397198082629
72.11 9.74 140 95000 7.837316180344231
97.74 65.31 83 89300 2.7201571574349526
50.22 94.96 34 84400 2.369206919728901
49.3 9.73 140 95000 7.789470042910912
49.68 75.43 265 107500 9.645119742749477
33.66 83.99 113 92300 8.88830668841305
25.97 40.98 183 99300 2.910688207894181
80.15 16.2 56 86600 9.717992140215632
60.28 0.35 45 85500 8.433073856983256
8.92 43.39 116 92600 1.0613363371946272
81.55 97.44 18 82800 8.633711093996485
20.82 40.11 215 102500 8.98333873579446
98.79 44.08 212 102200 7.495630843800251
31.0 78.9 117 92700 0.7191424270700697
49.47 67.08 267 107700 5.924579050793534
49.08 64.09 133 94300 8.362172959340427
8.78 29.69 45 85500 3.039691896047713
49.84 5.58 182 99200 0.76298078240566
72.04 2.06 122 93200 2.4322781645199476
96.93 28.78 132 94200 6.364109643738915
17.84 23.76 199 100900 1.3637830883002922
79.26 48.59 24 83400 4.897452278709076
82.93 22.27 129 93900 1.9360667872380866
94.8 70.88 122 93200 6.233455927485662
31.86 25.97 129 93900 0.374706547597613
69.59 23.17 239 104900 6.377809468217988
83.77 37.3 70 88000 7.791414178669615
31.38 57.69 128 93800 6.248799129981916
66.83 12.58 257 106700 9.863354823144467
66.45 14.62 50 86000 9.931482061470863
7.02 28.58 122 93200 5.669922434688014
76.18 81.28 173 98300 8.493597406300216
21.67 2.65 74 88400 7.002397891596923
15.22 33.53 211 102100 9.969359810745107
80.94 73.37 206 101600 8.506139589352076
37.22 0.04 92 90200 8.983818831782477
20.55 41.46 203 101300 8.38206628052936
96.16 46.91 50 86000 2.821517159098553
37.65 17.25 288 109800 6.573926912903348
50.95 40.57 146 95600 8.06406968851938
78.36 19.99 4 81400 7.5662673403914615
99.84 10.26 118 92800 0.6636941764122528
30.52 26.79 58 86800 3.4373173624396083
26.89 97.67 92 90200 6.321539861356276
67.65 74.85 133 94300 7.629791599254956
77.7 51.31 36 84600 0.04500035223140797
51.67 78.86 289 109900 4.155565966759012
94.02 95.56 220 103000 7.917481937319217
90.68 37.58 234 104400 1.428375705616547
27.41 80.6 189 99900 8.483942415271894
65.67 68.53 205 101500 5.569354539761022
21.38 98.0 46 85600 0.1988376937892189
85.15 27.61 105 91500 8.4569121403706
97.95 29.38 34 84400 8.469015213815936
0.58 41.88 143 95300 9.754882799591778
10.02 80.28 98 90800 5.72801104080611
16.88 7.93 208 101800 6.067102665377343
24.03 40.19 195 100500 9.38174520759386
62.09 85.61 298 110800 0.804844845585565
78.62 0.97 105 91500 0.456675648762771
38.32 47.74 190 100000 4.5443747083494905
24.73 60.52 45 85500 4.354203229329292
62.05 29.88 131 94100 1.9800487965740576
90.01 36.4 218 102800 9.669904851955572
16.03 61.01 181 99100 0.08489312415776884
26.02 14.98 241 105100 0.8796584309303268
77.23 46.23 249 105900 4.972711021087707
90.94 65.56 268 107800 1.5397899765722156
55.95 15.29 30 84000 7.067015047973406
91.99 56.27 19 82900 1.1141719619152524
79.36 47.09 116 92600 5.532217523233904
62.24 18.53 214 102400 6.6531160002305665
79.77 29.83 260 107000 1.1775507797602935
74.56 20.48 191 100100 0.2385816233294169
2.48 18.47 74 88400 0.02641007888192326
1.73 26.18 182 99200 0.715541831346127
31.03 7.14 64 87400 7.931712388780249
16.42 36.96 272 108200 8.994460113447769
38.69 42.66 170 98000 5.646224092249714
87.13 34.15 83 89300 6.7851355252218015
14.4 67.1 203 101300 6.916641782029264
66.96 68.28 287 109700 9.56427514574024
78.13 92.4 62 87200 2.9087661970855407
91.17 68.81 285 109500 2.850995342152131
96.75 77.91 102 91200 0.6919333955993645
95.93 80.58 39 84900 2.335120452406889
34.4 3.26 171 98100 2.8736903897732056
46.33 68.4 231 104100 0.34808280490666643
23.38 2.8 282 109200 8.696571852398133
14.65 69.77 195 100500 4.767023829370865
21.3 55.82 212 102200 3.0599904961910616
81.18 16.86 289 109900 9.287286692368198
28.02 6.83 152 96200 0.7402324146143358
39.56 93.91 147 95700 2.580982659785942
72.04 24.31 107 91700 5.435100415077536
75.99 43.6 288 109800 6.080118421166082
40.19 92.82 4 81400 1.6978978863680871
57.7 87.2 41 85100 7.788515510838171
16.73 73.42 89 89900 7.045452045677017
9.45 76.84 136 94600 0.8503452806496992
18.23 60.59 234 104400 8.880266298972368
79.19 55.95 300 111000 7.703660714699257
59.43 9.7 157 96700 8.86740913051058
94.1 63.55 217 102700 2.050239191870765
61.69 8.63 298 110800 6.218438823568759
86.09 81.97 64 87400 4.009991868342031
20.5 19.54 71 88100 1.2797640375045105
22.6 93.81 221 103100 7.537029564191461
81.53 22.33 265 107500 4.879890181839341
12.82 83.62 105 91500 1.1993638161712827
35.51 49.99 291 110100 5.1937439346496115
72.02 92.55 201 101100 2.915521043600673
31.68 17.95 214 102400 8.223745093874978
17.53 10.17 77 88700 9.255737353999576
26.56 14.37 221 103100 6.323743438458252
38.6 66.5 127 93700 9.915741414329904
30.4 36.47 171 98100 0.10689300246027433
29.49 69.62 54 86400 6.326578815537637
87.1 29.14 94 90400 6.341764614329012
0.12 19.26 293 110300 9.84986932683819
25.05 6.4 261 107100 9.46849283984056
81.99 15.44 228 103800 3.305966988333271
46.25 13.71 237 104700 8.730810368159206
28.16 72.36 28 83800 9.780579722539336
78.71 19.74 269 107900 0.8489384825720436
65.83 42.73 89 89900 3.7476795051544642
3.6 9.83 191 100100 9.037243347128838
97.57 55.27 172 98200 1.9333424712162206
82.2 90.24 36 84600 0.040361106336005426
62.81 69.03 150 96000 9.333176353356906
50.61 2.24 128 93800 8.919389165492145
65.36 52.19 108 91800 0.0980961182920026
20.06 88.07 168 97800 6.41927266840807
44.32 0.25 54 86400 3.2385320044453247
19.51 47.16 294 110400 0.899426065141713
16.29 18.47 38 84800 0.29110627298175706
43.87 70.05 214 102400 8.677959464249815
44.52 7.16 199 100900 1.1760158168519996
25.71 40.29 241 105100 6.0478715043165785
97.44 4.68 65 87500 6.785717336632074
31.6 49.6 269 107900 8.649759637822484
43.1 62.71 296 110600 2.6301538986619932
94.91 80.98 122 93200 9.96473891227425
89.01 51.12 123 93300 8.771087617982552
36.37 75.5 15 82500 8.71436448265768
17.22 15.66 51 86100 2.864751802738045
90.69 14.15 294 110400 3.368706128907548
83.65 40.64 230 104000 7.36089419120674
53.2 13.66 86 89600 1.8728096915231751
47.49 0.91 99 90900 9.64649316763872
83.78 56.68 58 86800 2.3654014784294954
71.51 22.79 87 89700 7.449384708820021
57.25 51.03 10 82000 9.99782871652318
87.68 11.85 150 96000 7.312376767600044
28.89 39.87 57 86700 0.03817743263989648
53.34 47.03 103 91300 4.000039231913001
92.04 65.74 179 98900 4.993761404423753
33.08 85.2 78 88800 4.802385975526652
40.24 24.53 97 90700 5.389511362390461
28.93 68.0 33 84300 7.75250043880762
11.25 32.68 288 109800 9.641226510292917
47.03 73.68 82 89200 3.5854331569683984
81.71 70.59 39 84900 7.858434395624483
33.06 10.72 164 97400 1.0463198229316517
2.51 58.57 90 90000 9.755279546423901
30.58 6.97 284 109400 6.025759284282155
12.66 67.48 43 85300 5.649158393989991
16.31 8.59 186 99600 0.4854575459997945
46.75 65.82 287 109700 6.951795888607146
45.07 66.18 233 104300 4.668608754583644
55.45 57.38 264 107400 3.9283333714086233
92.95 52.06 283 109300 9.50536372841807
91.63 69.1 62 87200 1.7953334523777964
22.15 22.49 53 86300 8.16813877750606
75.65 7.53 178 98800 4.583136122125041
3.21 10.95 81 89100 0.5548621154248823
42.54 13.97 75 88500 0.3927431441688378
21.32 15.09 273 108300 0.13717130594429694
91.0 13.61 25 83500 2.6796561639434433
62.15 18.19 124 93400 3.5679440161270937
99.74 71.58 56 86600 3.6003164349497228
19.5 68.97 187 99700 3.067523363541792
50.03 40.59 137 94700 6.020808079636771
92.46 27.96 230 104000 4.675974286304529
95.04 8.6 283 109300 6.928267233323849
42.59 77.87 277 108700 0.6513024370735188
46.48 32.81 187 99700 3.2752684495523496
63.41 86.11 56 86600 6.698701781851913
6.67 76.6 241 105100 0.9548682124133923
73.6 2.88 247 105700 8.327692481376454
60.52 49.88 96 90600 3.033697251178399
83.15 75.68 89 89900 0.8528511677710582
55.81 89.93 261 107100 6.603572005005441
97.28 61.9 227 103700 3.686391075704859
42.65 10.07 86 89600 0.8457764833304027
16.84 25.52 241 105100 7.329974622541364
13.22 86.22 69 87900 6.98996608599468
65.96 10.58 175 98500 5.478005764619302
81.51 47.81 297 110700 3.8013527533193203
27.61 94.82 65 87500 0.9206226825104868
69.59 88.81 277 108700 7.7114256832758326
96.26 39.93 26 83600 2.413354814978846
21.37 16.95 3 81300 2.5412493053771987
62.79 71.46 194 100400 6.69978734931879
48.1 15.0 105 91500 0.430843039018205
31.66 41.14 291 110100 0.6777579343404105
20.59 96.4 287 109700 8.71806654885
32.65 47.05 279 108900 9.938964969313636
62.62 99.53 237 104700 0.39682944513610874
30.44 12.86 11 82100 2.1430454780429598
66.81 79.87 113 92300 1.8745665469613992
53.85 56.64 128 93800 3.873070707598453
50.23 27.17 213 102300 7.146299013998094
63.95 11.5 157 96700 3.6291521268284574
90.03 56.2 267 107700 3.4669935339838975
54.91 95.9 185 99500 8.725831393410735
31.38 93.75 104 91400 9.05136114485391
34.93 69.74 109 91900 1.248805162978418
39.61 12.09 80 89000 7.332954060130522
66.01 53.64 129 93900 5.485172269620712
76.42 39.71 218 102800 6.6009652535668835
50.51 33.86 183 99300 2.8629541545213932
16.1 13.74 33 84300 5.288243275566749
40.29 22.66 13 82300 8.320505274031342
81.77 25.31 234 104400 6.348751779649298
9.9 95.06 63 87300 5.981234167346883
73.99 49.13 293 110300 3.7342705256021747
78.99 76.76 118 92800 0.24671625139942033
84.49 41.56 293 110300 7.31208594972617
91.32 15.34 193 100300 8.060890086605056
36.37 37.5 203 101300 2.1675030699829856
57.64 26.81 118 92800 7.665036687744987
68.59 76.19 157 96700 4.273262014586883
48.03 73.26 78 88800 1.0892338680308822
87.59 37.76 11 82100 7.304609125095498
75.65 93.73 81 89100 0.7488824543730255
41.68 78.68 106 91600 7.912379396992919
48.25 79.91 14 82400 2.5788480829115867
34.79 12.38 2 81200 7.1717565030502985
76.46 61.38 72 88200 8.293125296355948
85.48 93.42 242 105200 9.992417777124976
18.63 40.6 241 105100 0.661384242027524
54.41 28.47 115 92500 7.953773037096438
10.6 97.13 239 104900 7.60815922110769
8.59 55.34 74 88400 2.9205383490708883
76.2 62.58 22 83200 1.8349506674088034
64.74 2.66 10 82000 2.658658896225623
38.86 53.04 57 86700 2.3155113343901657
55.25 66.97 200 101000 6.925669184431779
58.37 34.18 230 104000 6.101724095758269
90.43 21.45 152 96200 4.725190257825941
97.9 85.6 241 105100 3.4896382956639305
48.38 1.21 40 85000 4.820938107614591
85.94 25.83 14 82400 5.7265559162207715
9.97 93.57 114 92400 1.5861316577452278
75.53 56.87 52 86200 2.4909396106741544
70.56 98.76 280 109000 3.8605353156922373
18.7 88.29 88 89800 0.6539910808511584
2.3 16.16 295 110500 2.8968303062007883
67.92 4.83 78 88800 7.047911916898924
11.43 54.63 143 95300 6.554107795884302
88.56 48.41 225 103500 5.740252032837221
33.36 61.26 133 94300 5.648740574806654
16.01 96.03 298 110800 5.671755157271013
35.0 12.58 291 110100 7.467794398649823
19.85 28.05 245 105500 2.3883859131737664
48.79 14.32 156 96600 3.7096830246439314
43.38 98.24 226 103600 9.324635043426976
45.4 11.81 9 81900 1.019533569376958
71.58 36.25 94 90400 9.918908479317817
63.64 21.36 202 101200 2.4674171596887398
42.93 36.1 168 97800 3.413196795883718
54.61 55.07 262 107200 6.06728840461199
61.52 10.25 186 99600 0.06492524914804343
65.21 26.44 19 82900 0.20036419520244153
84.45 17.56 243 105300 7.641814007085798
80.65 92.07 189 99900 6.692350780853373
56.69 5.73 273 108300 1.349844485364431
69.98 6.02 212 102200 6.5590886074581505
40.55 44.2 106 91600 6.0354486706011015
29.73 37.75 136 94600 4.995897225321001
40.21 61.5 228 103800 8.787442048189897
0.69 31.93 43 85300 5.114409002393774
53.07 43.02 80 89000 4.529887697380705
41.01 69.09 134 94400 0.9554930322827693
89.14 89.26 77 88700 8.338177880550003
74.49 19.51 114 92400 1.3127757016760444
87.31 82.92 108 91800 8.927513707416741
97.25 70.0 270 108000 6.429249116238886
23.13 63.63 27 83700 4.862299439926588
18.34 42.64 181 99100 9.376817242674608
46.35 63.44 211 102100 1.7296577308770344
30.07 18.16 57 86700 5.248855056619216
8.72 12.98 177 98700 6.929418871373248
52.52 22.26 255 106500 1.698725492352009
42.61 88.95 69 87900 2.3819697199483936
73.28 33.09 286 109600 9.008729359676586
28.84 36.35 242 105200 1.7758777445986629
8.33 19.98 210 102000 2.0964118334936144
49.14 65.98 93 90300 1.8071376568206043
42.72 29.52 199 100900 8.637036840390364
52.51 96.89 148 95800 8.94536686555044
71.01 93.5 103 91300 9.93713607090212
77.66 86.57 65 87500 8.749673388386894
46.23 45.24 12 82200 5.125349287461873
64.43 67.22 256 106600 1.7048988026543466
63.84 95.48 136 94600 5.58057206313079
55.78 85.75 242 105200 2.4203760883345513
52.17 37.59 196 100600 8.897228239693023
39.1 27.1 154 96400 1.1973780199515038
14.56 22.37 260 107000 8.8530406388873
0.57 85.76 172 98200 3.203471564503475
70.16 67.65 39 84900 6.212037393058674
69.46 38.79 103 91300 9.473650912727594
69.91 44.99 69 87900 1.336907828150501
10.87 65.11 38 84800 0.7773220968388828
22.31 16.35 204 101400 2.728797551768266
84.59 50.46 75 88500 4.041061391074288
49.54 77.51 269 107900 0.14390961089915444
25.44 15.24 2 81200 6.899984906227007
8.7 1.61 109 91900 8.89591713152399
16.42 3.13 292 110200 8.372173542118759
55.15 66.26 19 82900 5.538431754816725
19.34 72.77 88 89800 8.323793048953265
95.49 90.63 233 104300 9.186148286639629
0.13 41.4 145 95500 9.936469501819092
75.96 5.28 226 103600 7.286536681770728
35.74 40.15 110 92000 3.828524263195565
79.19 26.54 98 90800 7.362130827535078
17.93 53.52 135 94500 9.749467716672264
56.42 10.09 21 83100 4.928797909989202
75.51 32.65 180 99000 8.200605698442999
5.69 13.46 118 92800 2.936402758109659
21.19 91.03 124 93400 5.17784470523017
17.34 6.35 257 106700 5.309767374961966
91.7 14.57 117 92700 5.136205040311266
47.36 29.15 21 83100 9.780775258448514
90.49 43.47 109 91900 0.7957937128618164
46.3 15.06 196 100600 6.644163327296749
61.4 12.52 114 92400 0.508937343485445
67.07 59.44 97 90700 6.443478899266781
18.42 68.52 34 84400 0.45698186905409943
98.4 40.94 146 95600 2.15963771593087
31.96 18.77 150 96000 7.218318098057633
22.26 73.5 86 89600 9.148510195268997
24.97 2.96 226 103600 7.42811726511181
73.5 95.66 289 109900 7.92824172465869
64.14 22.38 68 87800 2.922974658067161
87.91 84.13 298 110800 2.680120337408056
40.14 4.78 241 105100 8.424274498728764
60.67 12.47 148 95800 8.883479982718164
19.23 31.22 229 103900 2.3630241302419517
1.68 62.21 36 84600 1.396401221658562
13.65 1.98 7 81700 1.692767922822197
66.2 34.02 125 93500 4.217104074328757
62.5 72.59 138 94800 6.688916784271621
59.93 99.44 1 81100 2.4694442708846287
36.48 48.3 285 109500 8.911502065938038
65.97 79.8 41 85100 8.359562507004249
80.23 85.41 222 103200 3.239430003416086
17.94 38.53 4 81400 6.11556057255564

