X Y Channel No Frequency(Hz) Range
575.11 345.37 30 111000 0.40987337952090486
993.9 97.57 22 103000 0.5677674580001145
443.96 792.6 3 84000 0.2753594264920336
427.2 401.0 30 111000 0.04405978090263296
878.16 969.66 29 110000 0.759489756202613
438.68 288.12 26 107000 0.3014023494300333
555.37 92.16 4 85000 0.5253713602495643
194.96 859.8 10 91000 0.7206636404810285
818.44 88.04 27 108000 0.14497331592321716
311.77 685.23 29 110000 0.22211489243970217
466.61 1.91 23 104000 0.9714302236588378
729.0 670.02 2 83000 0.6166892279281193
695.69 85.86 9 90000 0.7660437138796029
909.08 204.8 30 111000 0.320666542902033
71.02 606.55 27 108000 0.6989662003713173
817.16 218.04 15 96000 0.527372571763021
637.25 969.56 5 86000 0.6358900082170259
627.44 219.27 3 84000 0.6773169068511855
269.53 364.82 5 86000 0.6088480944814327
866.35 411.8 3 84000 0.17888658947691294
153.17 770.37 19 100000 0.3609347575121954
751.0 478.38 7 88000 0.22029535143633505
842.25 817.12 27 108000 0.9314807788875182
810.72 699.1 25 106000 0.9856304499737532
692.36 713.16 16 97000 0.5046900015768401
489.74 647.69 3 84000 0.0898260454924874
588.64 154.11 5 86000 0.5413186585773294
320.49 830.41 16 97000 0.9161397759218904
797.48 904.45 18 99000 0.4256287081578589
430.12 281.26 9 90000 0.25275687876187247
458.93 525.06 17 98000 0.13017527259211614
596.88 307.96 16 97000 0.05065558169683981
706.12 543.34 30 111000 0.38622098702108165
808.04 294.84 13 94000 0.7716311038467569
649.56 214.9 26 107000 0.4705606961995267
288.23 712.21 30 111000 0.06280478852770233
495.99 909.47 11 92000 0.4187613458424334
264.29 256.02 14 95000 0.9220797060346314
885.06 68.97 29 110000 0.45437999706428056
312.32 347.26 2 83000 0.03850841916374115
121.86 631.69 22 103000 0.9033401034849206
992.67 57.75 11 92000 0.1737024183085144
359.32 794.21 14 95000 0.3276776459465892
620.28 896.61 6 87000 0.7571481896903263
941.67 991.54 3 84000 0.06428777233337657
440.85 791.7 18 99000 0.9021428030923685
58.64 15.82 30 111000 0.5587139621410676
186.98 30.58 5 86000 0.8031859806729998
579.77 265.35 8 89000 0.6236486930189138
974.24 887.61 17 98000 0.5838534618163392
439.41 218.28 12 93000 0.0745120554234282
763.37 156.92 26 107000 0.6508450141062526
224.69 358.85 1 82000 0.6637163824523148
162.93 835.45 5 86000 0.1400854116669764
682.96 949.55 10 91000 0.18011419535589157
175.6 755.91 4 85000 0.17012502637594307
709.19 238.24 30 111000 0.34538938501281047
601.89 56.37 19 100000 0.042925262547055976
0.29 917.49 23 104000 0.3351391187285041
206.35 991.42 20 101000 0.8393387693027416
970.36 911.63 27 108000 0.5050835228545847
424.62 739.19 17 98000 0.7737426819246165
709.32 857.31 29 110000 0.10383260238051539
343.3 539.31 7 88000 0.3175201554351962
737.2 964.74 19 100000 0.3101623725458159
920.36 708.58 21 102000 0.23319985358728068
57.3 298.97 28 109000 0.017655661885873974
930.14 824.57 24 105000 0.9294692538138871
543.54 904.77 6 87000 0.09132508484151369
915.05 641.5 12 93000 0.7420134285743213
11.1 613.44 11 92000 0.7935561537569227
505.0 108.66 8 89000 0.046863024089962346
413.81 816.27 6 87000 0.19011645128887256
826.11 198.28 26 107000 0.3429489652234782
487.95 966.81 17 98000 0.3364207771530262
361.68 118.35 21 102000 0.3107747594775391
819.41 83.13 20 101000 0.1607013411011219
551.38 884.63 21 102000 0.21706631690640787
749.31 60.97 19 100000 0.2208069657911088
618.74 157.6 7 88000 0.13410921571286682
753.34 180.3 26 107000 0.9472717064119941
602.18 711.16 11 92000 0.1610241901181333
930.63 789.99 12 93000 0.8949043704653792
331.64 893.77 25 106000 0.9468749449313653
20.63 789.45 12 93000 0.7219313101958962
140.71 966.67 28 109000 0.2372905544287598
929.46 190.89 15 96000 0.6787784895782484
432.98 259.64 26 107000 0.20287849300574357
92.39 742.18 3 84000 0.912629604186724
832.08 671.74 10 91000 0.9053949447718979
124.75 317.91 10 91000 0.739299875102451
536.19 162.58 4 85000 0.25334034328607624
120.98 544.97 4 85000 0.5766927724288056
670.85 528.9 16 97000 0.16989770393612513
649.9 919.02 27 108000 0.6157637725342466
887.68 942.38 18 99000 0.8110952390906413
964.1 489.54 12 93000 0.6827269192513381
192.54 435.88 23 104000 0.5395403904840885
192.23 43.65 11 92000 0.5430573734848327
2.59 769.05 19 100000 0.8784550965278977
315.33 602.68 9 90000 0.05214419855446606
730.05 878.3 22 103000 0.8820803286020384
541.56 960.57 22 103000 0.7733324310862272
769.43 421.97 18 99000 0.692475048611429
288.86 939.38 17 98000 0.6812899471328592
625.2 768.26 23 104000 0.5806016595631395
360.48 14.78 14 95000 0.332493387637556
58.67 141.97 23 104000 0.4532789466835395
56.05 973.21 29 110000 0.9161251247485572
555.63 545.15 21 102000 0.7496342264895446
899.08 302.33 14 95000 0.16441232124870597
120.38 497.58 29 110000 0.3442635677971192
381.43 87.81 12 93000 0.48364485929879686
387.11 605.15 1 82000 0.6532005276476459
626.68 291.95 17 98000 0.413633542976082
306.28 456.83 14 95000 0.6274147857271035
155.86 423.42 19 100000 0.6976907659158196
211.46 375.86 27 108000 0.8819502705441378
3.32 772.5 22 103000 0.6764323743746485
901.11 106.22 11 92000 0.4026343418144135
274.46 582.42 24 105000 0.2515407769925505
480.26 602.3 17 98000 0.2928309151425018
863.57 755.01 14 95000 0.4104444181045679
98.63 708.03 22 103000 0.9568879805266933
457.0 947.62 18 99000 0.8856374380026407
394.43 660.95 26 107000 0.19228197816574322
135.37 208.27 13 94000 0.3346824879506144
407.41 37.54 28 109000 0.497151403282139
858.37 617.38 1 82000 0.8760415775875812
959.94 967.95 6 87000 0.7527293064767058
866.57 756.91 20 101000 0.5746108523378635
21.47 191.42 12 93000 0.4605438418653932
566.86 211.42 6 87000 0.7276750507811353
369.74 798.13 24 105000 0.19219542992018135
781.82 720.88 30 111000 0.511047169693183
941.0 308.9 24 105000 0.5257029802954701
337.75 51.1 20 101000 0.6761430618683547
622.04 81.05 21 102000 0.8181304478355964
842.36 125.14 21 102000 0.7770147777677328
878.29 896.86 17 98000 0.9113694314826386
160.07 468.29 25 106000 0.602902638273697
535.19 990.6 10 91000 0.6391073560131403
531.59 558.56 10 91000 0.6132688471676069
234.07 700.54 27 108000 0.5413128699458896
504.04 246.59 9 90000 0.7507710265865835
569.22 394.58 21 102000 0.8818146281409275
838.82 10.93 16 97000 0.841072167959722
679.31 311.0 20 101000 0.17914580049916307
346.87 448.77 11 92000 0.19024346395641323
114.27 480.47 15 96000 0.41581803243883564
164.07 66.93 18 99000 0.03989728041556673
127.79 950.93 4 85000 0.6922353415947214
324.68 134.52 13 94000 0.3318174145931546
156.02 124.09 22 103000 0.7848526133589026
616.42 86.02 24 105000 0.1280838795285213
134.46 130.18 24 105000 0.19083717354650875
608.0 722.25 11 92000 0.9054958839771553
478.26 817.32 15 96000 0.2709449469874158
428.68 247.14 12 93000 0.4360811760774874
4.76 112.27 3 84000 0.9067400190286428
348.7 998.88 2 83000 0.7358699453332385
812.87 221.36 29 110000 0.17645463576712506
460.96 587.13 12 93000 0.5347572245474052
150.23 383.54 21 102000 0.32512310490906104
795.92 31.56 11 92000 0.32965614044828584
597.16 661.99 21 102000 0.2991635715494886
15.84 411.73 17 98000 0.5353584181445489
475.25 566.13 14 95000 0.26399297083345463
428.62 485.26 9 90000 0.7622921074323223
249.0 133.18 26 107000 0.3968296051181329
437.79 708.13 23 104000 0.3130538786762429
830.43 466.25 20 101000 0.30748009864785253
702.49 100.04 3 84000 0.6011693202038609
119.57 625.44 24 105000 0.29016162558491876
219.42 437.98 15 96000 0.12260108088107569
817.47 199.28 4 85000 0.24244024204768455
258.83 331.94 3 84000 0.6353092216344698
534.25 845.39 13 94000 0.1369608464729264
587.38 839.72 4 85000 0.37252092571076223
480.88 582.86 11 92000 0.9222185923542259
693.02 411.44 25 106000 0.994764882049268
581.45 642.83 26 107000 0.32521293622627545
790.43 119.11 22 103000 0.9032713782821192
671.65 239.65 22 103000 0.28710004898171737
230.37 323.42 1 82000 0.8377574483699672
559.8 711.94 20 101000 0.3792046135985421
562.32 156.97 3 84000 0.9752610085160056
117.95 100.9 4 85000 0.10788189336014964
906.77 462.33 4 85000 0.15953289103562762
243.78 382.7 20 101000 0.25027698931143627
482.29 112.97 18 99000 0.3141450210807194
488.11 252.47 21 102000 0.38716996712157536
102.09 966.8 2 83000 0.43415129175146683
377.81 569.25 5 86000 0.37261752624089206
205.69 54.33 3 84000 0.9836978133519572
981.05 314.54 16 97000 0.2524131831201132
523.76 987.26 21 102000 0.7388971318189023
59.21 191.37 13 94000 0.904530969719721
787.43 988.49 27 108000 0.5606580239109521
229.17 796.52 23 104000 0.6053552073431769
988.25 390.72 22 103000 0.7307263923194008
919.93 635.6 2 83000 0.6469193962337572
570.93 928.41 25 106000 0.07129328223737408
549.06 118.48 17 98000 0.7544966943036567
598.14 656.52 14 95000 0.34514156001100627
267.46 72.42 15 96000 0.23323982651251807
365.24 869.74 9 90000 0.41603339638834613
825.0 240.6 16 97000 0.7503245115218671
162.45 966.95 7 88000 0.37011374893164417
594.77 695.76 16 97000 0.3189974193917995
882.96 808.38 13 94000 0.5563727729092189
560.56 91.94 22 103000 0.16747976490932825
957.8 746.62 16 97000 0.11114622632995752
119.78 201.43 5 86000 0.6638711985056794
661.56 177.69 2 83000 0.5673436936585493
883.34 240.08 26 107000 0.6336995019927292
178.1 154.66 23 104000 0.2083013351037526
264.22 70.73 16 97000 0.19585817579674225
940.9 334.01 23 104000 0.7692142853522449
538.07 492.84 20 101000 0.4922812853432581
670.51 283.35 13 94000 0.2919887375755913
232.22 475.74 15 96000 0.37436108595193485
219.45 969.55 18 99000 0.5436660762426663
153.21 373.69 30 111000 0.6029842022109887
805.15 67.39 27 108000 0.5715395854708806
98.73 872.66 14 95000 0.42793366129374066
462.01 581.42 28 109000 0.11255813091832345
316.17 662.13 24 105000 0.4356935482469465
576.41 157.54 10 91000 0.6390679629325855
67.87 599.53 26 107000 0.33243676868447425
181.44 375.85 22 103000 0.511485683366793
242.42 440.44 7 88000 0.2918406301232406
283.34 262.57 9 90000 0.740847231767769
811.48 44.93 28 109000 0.7166475469379325
867.18 236.4 2 83000 0.2256933343734202
73.46 338.29 1 82000 0.7004833075900976
386.92 713.47 17 98000 0.5194058037581567
47.93 203.87 30 111000 0.234902953257498
483.15 635.1 17 98000 0.4725040068570747
89.04 916.6 4 85000 0.779116831421524
391.78 253.79 27 108000 0.7617731518846201
771.41 687.37 11 92000 0.33014794136225767
7.72 615.48 6 87000 0.9122768394180022
368.54 381.93 2 83000 0.6236983937114234
850.05 309.97 14 95000 0.0027834298823704584
791.77 502.11 2 83000 0.7257977462924299
238.36 226.21 6 87000 0.6490081368430357
686.83 73.0 19 100000 0.5980336043682649
834.99 245.7 3 84000 0.9270710019678928
495.22 166.62 25 106000 0.4311128900594362
333.65 34.6 9 90000 0.7420419048763331
679.77 410.61 21 102000 0.7295860410005379
482.11 354.08 21 102000 0.38936822526152237
985.84 980.28 5 86000 0.5223242503010788
815.4 598.43 6 87000 0.09195727577786572
564.41 252.39 8 89000 0.28693623121004475
445.32 591.55 4 85000 0.5299427347080921
18.26 511.7 17 98000 0.4705349238020978
3.31 25.44 15 96000 0.486551993068436
949.08 843.82 23 104000 0.013529565476508965
365.87 307.49 11 92000 0.9004879130677561
381.5 622.74 6 87000 0.32746458036012005
105.08 999.04 22 103000 0.7969430104166014
518.57 806.92 28 109000 0.4230173561095082
701.74 473.39 28 109000 0.7355070212749456
644.27 594.69 16 97000 0.65139083803989
434.44 899.42 24 105000 0.7991562022840535
629.54 858.01 30 111000 0.02340901996496625
515.04 165.52 23 104000 0.5052075293606701
421.75 172.95 27 108000 0.6581819712483116
479.87 898.71 14 95000 0.8631791198626965
101.26 195.89 30 111000 0.33041724265698047
65.15 304.94 4 85000 0.668149283539068
574.13 596.59 30 111000 0.7161029633434901
796.62 159.36 12 93000 0.7993026119276108
736.92 751.96 11 92000 0.05479266529500726
305.26 908.85 25 106000 0.10536630401994584
996.93 929.37 3 84000 0.9681177957725582
944.63 514.42 30 111000 0.4806775359837905
360.63 743.56 16 97000 0.904107856364912
629.95 357.1 27 108000 0.06240904856670304
913.43 258.31 8 89000 0.5616981608884158
945.17 258.77 4 85000 0.47136598713428357
405.19 222.1 30 111000 0.026365190691605367
471.42 427.85 12 93000 0.5517298424132676
829.19 576.59 17 98000 0.6936892011471413
978.65 930.14 22 103000 0.7807665546821352
335.96 557.15 26 107000 0.2409667742387226
592.13 106.15 30 111000 0.07506138418070685
558.97 416.84 7 88000 0.4365709446095897
296.41 208.84 16 97000 0.038145578126824176
445.8 48.16 23 104000 0.8519988884854124
171.41 419.58 11 92000 0.21391459942334135
986.03 551.53 9 90000 0.10249405749235962
569.11 315.11 5 86000 0.8351076237478444
806.4 105.0 27 108000 0.019447329574259653
33.71 804.55 5 86000 0.10604829893771817
464.18 326.59 7 88000 0.7227567032492299
144.31 533.03 3 84000 0.7191898410928591
410.99 688.87 16 97000 0.3758743049115232
616.27 757.47 13 94000 0.07674041928789299
22.58 444.87 28 109000 0.07292921588953793
936.01 739.79 9 90000 0.33836688773681456
793.76 954.89 12 93000 0.8192512399446031
523.61 774.45 6 87000 0.7259164704339052
783.45 265.81 23 104000 0.5576215505888956
918.64 69.38 13 94000 0.5341039574133432
660.97 287.85 4 85000 0.18705640075574537
766.79 833.61 2 83000 0.5856676187863916
252.95 937.59 9 90000 0.18392836027671877
448.42 89.45 17 98000 0.7596977783485765
319.08 172.48 14 95000 0.8224098210526259
34.9 923.81 17 98000 0.05741774408278033
395.32 928.32 25 106000 0.7988747994399988
884.41 120.4 15 96000 0.060996463931821565
934.93 589.67 11 92000 0.8799324381461338
596.45 373.73 16 97000 0.7139746927011839
650.37 772.66 18 99000 0.7437258455027662
232.22 575.45 13 94000 0.9981908232953475
913.18 879.99 5 86000 0.5871802206765584
678.47 985.23 19 100000 0.2089282372862511
304.64 100.18 11 92000 0.08681062493651426
782.79 450.71 19 100000 0.31022145969105197
926.12 266.04 14 95000 0.5769181115360732
420.78 224.85 27 108000 0.9743331265373653
876.26 261.94 2 83000 0.6365525152515518
969.13 344.14 19 100000 0.8274471484020574
381.1 474.91 15 96000 0.8361628871436737
753.16 977.39 30 111000 0.607342766813879
423.62 121.72 20 101000 0.007684741340847401
913.42 632.24 17 98000 0.12357224734122263
360.64 152.19 12 93000 0.7798378188017038
793.19 615.52 13 94000 0.34743532837384805
938.24 828.2 4 85000 0.11617007841846738
387.31 683.46 25 106000 0.6644315553559752
320.43 8.99 29 110000 0.45004632657973354
612.18 389.17 24 105000 0.32810048646557977
231.7 634.63 26 107000 0.6121328441711048
158.1 237.17 27 108000 0.7590831801201219
80.31 893.34 8 89000 0.8663856128517122
467.12 388.81 11 92000 0.350332067972405
977.03 82.28 10 91000 0.9251498960899041
943.21 327.14 22 103000 0.4477618063079031
893.54 227.32 28 109000 0.10838569864543735
846.03 586.39 15 96000 0.7699980579519649
814.51 114.17 1 82000 0.7925365897066631
445.94 378.45 3 84000 0.5715952820368527
629.31 501.42 11 92000 0.7980729159368006
924.65 707.87 8 89000 0.7171356808863085
682.24 935.42 25 106000 0.3688028992689728
194.9 356.61 24 105000 0.6605901691069159
353.8 767.55 21 102000 0.2688213124580937
281.81 941.28 10 91000 0.2724469349715529
781.5 686.63 20 101000 0.27324370721808977
159.87 98.03 18 99000 0.9492426580286066
844.85 321.89 1 82000 0.8560693358911788
971.5 734.19 6 87000 0.41474512022153875
837.08 246.77 1 82000 0.22266642244288004
366.82 200.51 10 91000 0.7832333551817154
825.54 19.34 2 83000 0.4261432520347932
298.91 184.52 11 92000 0.5228304948231851
562.73 731.88 21 102000 0.2175482767486313
984.58 102.77 28 109000 0.9160153436784775
951.62 910.67 12 93000 0.4713427782521009
898.44 778.54 14 95000 0.9662494192659848
491.97 506.06 28 109000 0.6024544719695591
605.92 231.94 23 104000 0.7107074477429599
838.12 143.9 29 110000 0.8426085431325889
961.1 480.03 26 107000 0.8516176049834517
584.31 771.12 26 107000 0.7053376262322912
695.81 347.88 21 102000 0.06055509717376906
660.24 321.36 6 87000 0.4655050817310824
709.09 424.49 4 85000 0.3046654315727778
267.08 51.34 19 100000 0.17537777317251435
429.16 463.25 3 84000 0.9203237064504786
113.7 753.71 4 85000 0.19091691945861033
465.1 722.29 13 94000 0.7628887836705587
822.99 139.7 17 98000 0.5853118286216492
391.17 968.19 19 100000 0.7013403865898039
769.61 302.48 22 103000 0.26876961685198
914.16 124.67 1 82000 0.6296664638672402
283.73 321.99 12 93000 0.341739422217484
862.49 838.61 5 86000 0.4245017195598616
109.13 752.38 22 103000 0.8012515926750351
405.47 556.47 28 109000 0.2979311916471551
239.46 945.24 26 107000 0.4556823794703142
662.23 56.93 1 82000 0.4484167995072059
773.08 904.94 11 92000 0.9314266803487976
392.07 769.6 23 104000 0.9899577205176566
224.74 646.83 24 105000 0.265712941145294
771.19 624.16 6 87000 0.793956169671946
811.52 834.71 3 84000 0.4537911810293934
355.91 621.05 12 93000 0.07955880054806264
590.67 810.77 29 110000 0.7772559536867762
208.11 792.27 22 103000 0.5718290907947613
968.64 999.64 6 87000 0.9952435945249781
815.97 729.31 14 95000 0.5639551525876099
23.68 67.39 10 91000 0.8842084950792852
881.62 395.79 23 104000 0.7864131253061415
287.93 146.85 6 87000 0.9080991190787431
267.07 513.27 12 93000 0.1348137589185916
121.0 903.08 12 93000 0.37280982935512974
390.42 411.42 18 99000 0.8369110732140888
572.96 205.27 10 91000 0.541194949286273
147.18 867.42 16 97000 0.8614235631548585
682.98 696.3 7 88000 0.27273389861833164
994.43 124.69 10 91000 0.36601274281930885
488.8 606.66 24 105000 0.6107966809864467
180.62 977.1 27 108000 0.8437055769208681
632.41 746.28 16 97000 0.8166648996911755
229.63 532.49 16 97000 0.7165897976462214
339.3 726.18 7 88000 0.9799299929064978
695.07 28.08 10 91000 0.3187306140685675
721.03 110.96 2 83000 0.9971563865006676
889.07 860.44 10 91000 0.1485539407138453
805.37 384.2 20 101000 0.2729260367176378
759.84 813.91 27 108000 0.6116438454200505
433.37 320.4 14 95000 0.4683627939741486
342.87 323.92 23 104000 0.14086007113413945
179.41 600.49 19 100000 0.4013828998109086
243.25 495.42 7 88000 0.010372801896703643
748.08 282.19 9 90000 0.3302716041861913
419.8 511.81 30 111000 0.5577377296910133
881.03 42.39 15 96000 0.25840946616152805
136.56 15.83 9 90000 0.11322138607934162
666.85 945.23 13 94000 0.15435334889754537
323.08 21.62 14 95000 0.19358560307916228
289.28 858.3 22 103000 0.549932437148767
742.29 925.74 24 105000 0.44942944473837854
671.18 538.2 11 92000 0.4620858903000076
303.08 225.21 10 91000 0.22756537889135708
176.47 837.82 8 89000 0.9750109195386407
574.51 621.7 20 101000 0.20500352582393644
517.07 449.32 6 87000 0.7515982433741392
59.61 293.72 4 85000 0.4167831481602068
278.79 90.12 29 110000 0.7415171980240864
68.74 252.31 13 94000 0.699601485260432
27.86 63.59 13 94000 0.08271825443081482
96.35 860.82 6 87000 0.4360474832800538
788.85 681.73 24 105000 0.7092065185077029
449.13 795.77 24 105000 0.8549800272243581
795.26 124.08 29 110000 0.1769978503519436
500.21 953.05 7 88000 0.6325457202469816
805.33 925.38 19 100000 0.2891125729788384
350.62 62.82 14 95000 0.2714906077406528
948.88 433.6 15 96000 0.9668282190844454
868.21 66.3 26 107000 0.6053804776974931
24.83 261.1 7 88000 0.5963696126355751
43.68 628.93 3 84000 0.6863359418540297
404.29 963.1 5 86000 0.5365466790919581
354.46 517.17 1 82000 0.4427612980301887
211.22 921.13 27 108000 0.2529758883679313
359.29 949.57 23 104000 0.5257757948518967
249.8 683.44 30 111000 0.43847575792281124
60.07 448.24 2 83000 0.15374652097190022
227.45 819.97 9 90000 0.6676774997350104
661.87 162.72 24 105000 0.9831974785872816
182.2 686.56 30 111000 0.43812434970574576
238.5 116.15 30 111000 0.8167831338927047
665.16 360.94 21 102000 0.5820658012638551
467.73 332.19 22 103000 0.5559426357049836
151.44 412.85 7 88000 0.8453196704519185
39.1 341.26 10 91000 0.23389331796603774
357.06 100.85 30 111000 0.16514513416098087
556.82 135.94 22 103000 0.2560091315408959
624.63 50.84 16 97000 0.7218278980867703
761.35 247.99 4 85000 0.4272080047884276
307.47 463.87 4 85000 0.9630422975739177
675.25 253.12 22 103000 0.7732224438294074
129.29 425.76 20 101000 0.42106049862933126
842.69 674.66 20 101000 0.14364981040538327
825.96 946.34 26 107000 0.5661928347128132
176.46 953.87 11 92000 0.7141986886166135
986.19 943.31 28 109000 0.11175195815277295
52.41 881.64 6 87000 0.6439185241033416
899.34 503.66 22 103000 0.9432534500631912
198.53 645.68 18 99000 0.6663969510951583
391.82 405.12 13 94000 0.1650344224122977
614.26 436.89 19 100000 0.4435343863162037
87.17 60.84 8 89000 0.009153800520612432
225.33 380.25 10 91000 0.24378577675183688
260.71 762.2 22 103000 0.543122835599953
230.58 407.72 29 110000 0.34654606933232246
475.91 338.04 28 109000 0.14411529041667492
129.2 574.84 20 101000 0.4591250327576617
487.7 122.9 1 82000 0.6178642322663364
230.47 237.55 18 99000 0.06661133775524652
476.89 432.49 7 88000 0.061127887769669265
42.78 451.85 20 101000 0.7375907361993075
540.39 581.69 1 82000 0.1686929679321666
314.66 936.9 15 96000 0.9655102433805599
503.26 848.26 24 105000 0.6312910190890192
657.68 950.66 5 86000 0.6374476096087446
541.86 685.24 23 104000 0.6620736591933043
619.87 467.09 11 92000 0.9557523731216632
811.02 915.23 18 99000 0.019587701510490163
797.59 115.66 26 107000 0.8756996662075063
253.87 602.14 1 82000 0.29830176261416774
75.16 445.95 5 86000 0.4117910890469937
39.38 788.69 27 108000 0.7580757059096386
363.54 214.27 24 105000 0.5701269961511172
620.59 312.74 26 107000 0.7265714359702272
272.96 554.17 28 109000 0.01345896588694706
235.52 470.98 25 106000 0.18914355226569368
998.96 88.87 22 103000 0.7038421587510747
783.22 385.45 24 105000 0.775509241056881
327.57 271.37 21 102000 0.8055908611177307
398.97 546.6 5 86000 0.04839287655491509
72.18 496.68 17 98000 0.6944771313519263
725.41 155.95 15 96000 0.023911019980624948
443.58 820.67 13 94000 0.3994020703620209
830.69 572.08 18 99000 0.824873219922702
823.97 441.33 6 87000 0.6073379575637752
959.82 375.64 16 97000 0.545208726152888
167.01 450.77 25 106000 0.1640407635135529
822.15 312.17 9 90000 0.9358090708000935
777.98 750.11 1 82000 0.9903405660120952
915.9 645.93 29 110000 0.6992327462103828
541.82 434.36 17 98000 0.4608354259215104
469.35 263.73 29 110000 0.6836229628647652
761.39 400.82 4 85000 0.528268500329744
939.1 204.49 15 96000 0.41612469559631304
644.29 411.85 24 105000 0.4581097017886453
647.15 158.56 30 111000 0.4249728943224381
133.84 352.04 23 104000 0.714868784868037
61.49 880.11 1 82000 0.019794080019583493
218.24 959.24 8 89000 0.831038510917761
428.93 386.79 20 101000 0.37468599050072526
71.9 880.88 12 93000 0.5235300357709732
954.29 282.44 19 100000 0.27210221006864477
383.36 509.07 17 98000 0.6988707191949738
486.8 532.16 29 110000 0.9918844935060631
7.09 681.9 16 97000 0.6207620578374239
722.06 543.12 28 109000 0.983994701009446
639.59 3.46 20 101000 0.48094567317844006
257.47 460.51 17 98000 0.9512645614745779
564.78 231.35 20 101000 0.01142419153038543
449.01 174.56 4 85000 0.23609409067874287
640.15 907.92 20 101000 0.9632817419263484
909.01 653.05 29 110000 0.2894018036566499
601.88 170.41 25 106000 0.13062485463321427
657.49 862.95 3 84000 0.978802303662623
455.79 465.04 5 86000 0.759117461067377
393.54 725.62 22 103000 0.4341220821774324
190.88 711.52 8 89000 0.30444242381812037
88.74 261.74 15 96000 0.5407520535728898
302.93 316.91 26 107000 0.5196365774280827
121.14 325.56 18 99000 0.4743900141665257
647.87 321.59 23 104000 0.19009341203839258
466.17 102.15 28 109000 0.3644856896138109
958.49 875.1 10 91000 0.7052104659356483
40.02 847.41 29 110000 0.2088313603923434
952.18 186.0 22 103000 0.27590064940348813
151.27 187.0 7 88000 0.10952816236765228
333.89 67.21 3 84000 0.4628427243310602
158.22 659.0 3 84000 0.22292023595986843
155.44 207.41 2 83000 0.7723913465045916
852.3 84.27 20 101000 0.11556108938298926
930.93 338.83 21 102000 0.17210209482333005
791.83 779.13 15 96000 0.4880253216393936
627.55 543.15 1 82000 0.2580800513359548
795.97 586.95 15 96000 0.10219266476038125
152.3 39.87 10 91000 0.5196820645559906
75.14 198.55 7 88000 0.7499238669125742
237.24 935.13 10 91000 0.25696993861995554
22.2 255.35 22 103000 0.8968582213730172
689.22 574.09 16 97000 0.54182615955583
517.57 285.34 24 105000 0.2800563952055638
815.06 336.28 6 87000 0.519530664451419
712.09 608.46 27 108000 0.9286747900369522
458.98 940.81 28 109000 0.9342105565624085
642.76 966.31 29 110000 0.3997085139166837
496.14 587.24 20 101000 0.15488892995535042
709.47 780.69 30 111000 0.20361218242609624
815.03 547.68 24 105000 0.07047596186554639
995.0 625.67 14 95000 0.5554708997785086
790.68 147.41 29 110000 0.919193650090758
645.82 710.4 24 105000 0.4851323577647372
2.18 423.38 21 102000 0.5934536186863867
47.84 912.52 26 107000 0.6237423323623539
479.63 134.1 8 89000 0.9035944364825365
329.09 176.68 12 93000 0.44448746167399034
79.71 209.25 27 108000 0.14723076813334135
800.53 898.48 2 83000 0.5527045835147146
683.31 173.77 9 90000 0.5849988735374845
306.34 250.64 15 96000 0.6161566924340227
784.91 558.61 24 105000 0.8035529117595884
96.94 276.87 4 85000 0.41211238093694824
700.58 819.24 5 86000 0.703750079843731
760.41 977.85 19 100000 0.09644031353754334
59.8 822.87 26 107000 0.002662107511420486
952.53 544.87 29 110000 0.41440546219664165
466.28 536.85 1 82000 0.7145935222381361
150.8 358.1 10 91000 0.057019104117800756
213.66 153.12 25 106000 0.37652117270072283
424.24 360.06 5 86000 0.49506368115087906
724.46 517.29 6 87000 0.6207774414772765
259.0 939.03 2 83000 0.31032584866561086
943.95 396.27 27 108000 0.6514762415075206
808.6 512.75 7 88000 0.5957906840040295
265.27 814.24 20 101000 0.8458587135883682
548.13 590.02 10 91000 0.3598650797358558
688.48 414.64 10 91000 0.9377611584493173
203.21 205.47 20 101000 0.8810250935798382
822.91 564.56 13 94000 0.4237624549689035
997.51 272.68 7 88000 0.5961559371079139
31.2 707.73 6 87000 0.1048486203938076
716.68 581.09 8 89000 0.7364429759581055
482.57 293.99 17 98000 0.1948695248745661
821.81 874.4 11 92000 0.5577624524436571
134.54 465.3 9 90000 0.6145050315579073
862.24 690.95 24 105000 0.547528275549952
693.75 562.31 15 96000 0.8843836404676269
735.37 421.39 21 102000 0.46691420055554644
420.76 430.58 16 97000 0.13750714390696595
920.16 344.33 30 111000 0.936953557026066
237.82 451.74 29 110000 0.9089555059126562
671.53 237.54 20 101000 0.5705098501941718
975.06 202.43 28 109000 0.5153304032747474
304.14 530.84 30 111000 0.3514258248049198
747.38 652.67 2 83000 0.5085185804689265
117.36 865.56 30 111000 0.16983449341744827
393.11 855.47 26 107000 0.14472015336158817
216.81 356.92 20 101000 0.6318173188137285
625.08 150.44 29 110000 0.33251726343612564
473.75 816.79 12 93000 0.6061116537402048
45.62 7.1 7 88000 0.6609092089709535
129.55 688.09 14 95000 0.47481513465199043
459.59 767.19 29 110000 0.923184876080381
101.17 466.14 18 99000 0.8840488738950915
982.57 710.16 18 99000 0.8743453542451589
871.68 938.09 14 95000 0.49998677885411535
286.37 62.71 3 84000 0.6332557679929969
961.18 658.41 29 110000 0.0618257278724782
949.92 800.34 17 98000 0.2761459074156597
364.3 696.58 20 101000 0.9730740725764171
290.82 348.05 12 93000 0.39147179680788724
13.84 842.62 18 99000 0.013511636187048426
241.22 577.07 23 104000 0.06909609560563923
283.86 136.65 16 97000 0.10449088309134902
801.61 815.97 3 84000 0.3864705460984711
781.19 800.6 18 99000 0.6786901338093136
356.95 946.94 4 85000 0.6038609179827815
190.6 393.54 25 106000 0.24141456823699103
671.73 41.98 24 105000 0.17811898963750572
737.04 286.19 15 96000 0.45410527832581793
694.25 408.43 26 107000 0.3041811829482063
907.15 356.08 15 96000 0.20252522962284525
394.93 360.06 24 105000 0.9650828347082835
433.03 141.73 17 98000 0.9534349896755843
739.51 506.96 10 91000 0.6501757947435487
182.21 562.18 23 104000 0.4663607071200313
555.27 866.74 11 92000 0.738398318890034
521.35 707.92 9 90000 0.963834969327996
486.75 639.11 24 105000 0.5554745093911214
924.71 139.72 7 88000 0.9174194103195731
457.38 57.66 27 108000 0.8330401662332879
84.08 593.68 10 91000 0.0616861265710531
54.18 334.89 14 95000 0.5217563271998795
543.45 984.44 5 86000 0.37855719969759516
35.09 350.36 18 99000 0.9529552249750892
929.41 122.29 27 108000 0.015017606227007207
721.84 397.08 25 106000 0.2833706445443789
177.47 616.04 4 85000 0.21388830315768892
386.12 997.29 1 82000 0.08975864742482664
764.92 20.32 19 100000 0.7963661185698983
862.72 526.42 9 90000 0.2650697760401195
852.2 403.95 21 102000 0.8733148894225111
530.43 142.94 2 83000 0.8812657405770263
407.95 165.69 5 86000 0.7573717937014839
490.27 311.59 14 95000 0.06748277761981747
846.64 104.24 11 92000 0.3679731981458292
239.95 28.97 24 105000 0.8632588266567005
443.36 461.21 3 84000 0.2751996396253463
394.79 712.96 26 107000 0.36781251562860107
806.71 899.04 15 96000 0.31529910235077396
37.31 601.21 12 93000 0.756365649257023
988.74 150.21 19 100000 0.9709148294179267
91.38 418.92 29 110000 0.07733911698344509
389.9 379.83 10 91000 0.3730790904924678
711.25 22.59 21 102000 0.39965195682567645
477.31 140.39 15 96000 0.4212288970845677
52.18 703.74 23 104000 0.332664388468095
476.38 166.04 16 97000 0.5937674644710011
946.26 845.65 19 100000 0.19350763443101338
618.5 152.54 1 82000 0.13757327366989625
945.49 665.86 16 97000 0.914234165010398
231.72 100.45 24 105000 0.47351444858071856
914.35 848.85 3 84000 0.9466323472306712
946.65 760.38 29 110000 0.4702456105000169
854.4 975.54 7 88000 0.9835258421809352
556.44 212.62 22 103000 0.24476328010413229
926.3 790.28 6 87000 0.8354030601699934
617.63 637.99 1 82000 0.010412940563208517
697.69 510.77 22 103000 0.6093910226073517
707.43 891.9 21 102000 0.2669397829444067
490.3 582.94 4 85000 0.7786325445973246
363.91 581.27 8 89000 0.009045739927787455
325.6 510.21 28 109000 0.41439435541356207
126.52 961.39 4 85000 0.20667056846184906
375.49 645.22 19 100000 0.9067044627503806
767.88 119.73 27 108000 0.3093948520764799
13.04 122.39 15 96000 0.81359085169016
761.25 594.19 22 103000 0.06713092893201755
528.06 430.82 4 85000 0.9612971781691309
263.91 785.09 30 111000 0.29841330573929414
323.07 479.67 4 85000 0.7410362604631711
413.11 263.52 14 95000 0.025537395619282588
937.74 391.72 19 100000 0.40038493991553104
528.99 353.13 3 84000 0.4225634020284288
563.16 676.23 19 100000 0.46342601505998915
898.24 167.85 7 88000 0.468463689627315
802.04 878.21 28 109000 0.702931948261522
172.34 625.15 11 92000 0.8847392284653719
306.98 278.73 11 92000 0.06561014865624393
55.97 822.7 8 89000 0.5765733680224834
586.16 730.0 15 96000 0.8686707924475827
884.1 565.34 25 106000 0.24157274229005632
704.26 248.67 10 91000 0.45933299961398233
890.13 760.37 29 110000 0.3035258932742657
826.11 562.13 12 93000 0.3905840774878093
453.12 860.73 18 99000 0.7541820000856785
551.59 405.42 10 91000 0.3143982568502933
378.44 529.06 12 93000 0.6182276938182261
772.68 999.7 10 91000 0.04118374657175683
314.22 219.87 11 92000 0.5104579288457567
346.54 808.64 20 101000 0.14056123255178676
735.08 432.79 13 94000 0.4352630423884861
223.98 365.26 12 93000 0.6584101899633155

